base_time: 15.74
mean: 13.062666666666667
min: 7.04
max: 44.12
variance: 86.0841788505747
median: 9.585
original_time: [7.83, 7.05, 18.36, 13.49, 7.52, 12.58, 7.68, 7.26, 14.76, 12.83, 13.57, 44.12, 7.04, 8.9, 12.56, 7.64, 7.55, 8.74, 12.78, 12.58, 32.45, 14.93, 38.94, 7.06, 12.72, 10.27, 7.56, 8.6, 7.06, 7.45]
