base_time: 5.69
mean: 3.4916666666666667
min: 2.77
max: 4.16
variance: 0.20065574712643683
median: 3.6950000000000003
original_time: [3.66, 3.8, 2.82, 3.8, 2.82, 3.72, 2.88, 3.88, 3.82, 3.75, 3.66, 3.71, 3.72, 3.92, 2.77, 3.65, 2.88, 2.94, 3.69, 4.16, 3.7, 2.96, 2.84, 3.95, 3.98, 3.74, 3.67, 3.86, 2.92, 3.08]
