base_time: 0.94
mean: 2.042666666666667
min: 0.35
max: 3.69
variance: 1.0914271264367816
median: 1.89
original_time: [1.84, 3.55, 1.76, 1.76, 1.42, 2.48, 3.55, 1.87, 1.74, 1.85, 0.36, 0.4, 1.9, 3.68, 0.38, 1.89, 0.35, 2.69, 3.69, 2.74, 1.5, 1.94, 2.65, 3.54, 1.89, 0.37, 1.44, 1.9, 3.53, 2.62]
