base_time: 13.28
mean: 2.078666666666667
min: 0.86
max: 4.26
variance: 1.6507981609195401
median: 1.225
original_time: [3.68, 1.19, 1.17, 1.13, 1.08, 1.29, 1.23, 4.26, 1.06, 1.22, 1.36, 3.89, 3.77, 1.27, 1.09, 1.01, 1.06, 1.15, 3.82, 0.86, 3.58, 1.07, 3.51, 3.55, 1.02, 1.06, 3.43, 3.56, 3.92, 1.07]
