base_time: 15.24
mean: 15.166666666666666
min: 7.26
max: 34.84
variance: 75.71679540229886
median: 9.285
original_time: [7.5, 7.58, 9.3, 22.91, 9.27, 22.23, 9.42, 7.4, 22.51, 23.04, 8.95, 28.55, 7.97, 10.02, 7.26, 23.38, 23.01, 8.79, 22.41, 8.12, 7.92, 34.84, 28.08, 27.71, 8.87, 7.76, 9.03, 23.99, 8.01, 9.17]
