base_time: 4.74
mean: 2.3813333333333335
min: 2.07
max: 2.87
variance: 0.03261195402298851
median: 2.37
original_time: [2.16, 2.47, 2.36, 2.46, 2.28, 2.37, 2.07, 2.37, 2.35, 2.41, 2.41, 2.38, 2.25, 2.87, 2.46, 2.32, 2.29, 2.37, 2.33, 2.4, 2.15, 2.35, 2.82, 2.4, 2.15, 2.26, 2.21, 2.46, 2.53, 2.73]
