base_time: 1.54
mean: 1.7158333333333333
min: 0.92
max: 3.35
variance: 0.9619174242424242
median: 1.315
original_time: [1.06, 0.98, 0.98, 1.57, 1.01, 3.35, 3.28, 0.92, 1.59, 3.22, 1.63, 1.0]
