base_time: 5.8
mean: 2.9066666666666667
min: 0.89
max: 5.14
variance: 1.4366091954022988
median: 2.895
original_time: [4.02, 3.84, 0.89, 4.0, 0.97, 1.19, 3.7, 2.88, 4.4, 2.56, 4.52, 3.08, 3.04, 1.31, 2.54, 2.91, 1.65, 3.63, 3.45, 1.05, 0.95, 2.55, 2.61, 2.78, 4.36, 2.74, 5.14, 3.35, 2.76, 4.33]
