base_time: 5.76
mean: 3.0636666666666668
min: 0.41
max: 6.44
variance: 2.8700447126436783
median: 3.125
original_time: [5.53, 5.29, 5.21, 5.8, 0.41, 0.72, 3.18, 3.14, 2.98, 0.64, 5.67, 3.38, 3.16, 3.18, 2.99, 6.44, 3.08, 3.22, 3.13, 2.85, 3.04, 3.0, 0.88, 3.55, 0.78, 2.8, 3.64, 3.12, 0.54, 0.56]
