base_time: 2.5
mean: 2.9093333333333335
min: 2.14
max: 3.48
variance: 0.09593057471264367
median: 2.86
original_time: [2.77, 2.91, 2.59, 3.33, 2.86, 2.8, 3.46, 3.16, 3.14, 2.87, 2.8, 3.28, 3.48, 2.14, 3.21, 2.86, 2.89, 2.74, 2.75, 2.69, 2.89, 3.1, 2.86, 2.32, 2.68, 2.65, 2.75, 3.28, 2.79, 3.23]
