base_time: 3.78
mean: 3.8966666666666665
min: 3.03
max: 5.17
variance: 0.3362022988505748
median: 3.645
original_time: [3.57, 3.77, 3.57, 3.51, 3.67, 3.48, 4.53, 3.55, 4.36, 3.62, 5.11, 4.45, 3.4, 3.37, 3.52, 3.69, 3.59, 3.75, 4.17, 4.88, 3.03, 3.55, 4.12, 3.55, 5.17, 4.07, 3.71, 3.51, 5.17, 3.46]
