base_time: 11.14
mean: 16.827666666666666
min: 0.94
max: 24.94
variance: 125.25790816091954
median: 24.515
original_time: [24.43, 24.58, 24.52, 24.43, 24.94, 24.47, 1.24, 1.21, 24.78, 0.94, 24.6, 24.55, 24.59, 24.51, 24.66, 1.6, 24.41, 1.45, 1.7, 24.54, 1.3, 1.01, 24.58, 1.11, 24.66, 1.12, 24.76, 24.6, 24.82, 24.72]
