base_time: 12.61
mean: 13.399642857142858
min: 5.1
max: 31.51
variance: 87.18936653439154
median: 7.17
original_time: [6.87, 24.25, 22.78, 23.23, 23.44, 8.23, 5.1, 6.28, 5.3, 7.0, 5.62, 6.49, 24.01, 23.53, 5.46, 29.37, 5.8, 5.63, 5.25, 31.51, 24.04, 21.67, 7.71, 6.39, 7.34, 5.51, 5.35, 22.03]
