base_time: 1.73
mean: 1.2323333333333333
min: 0.57
max: 1.51
variance: 0.11071505747126437
median: 1.3849999999999998
original_time: [0.58, 0.71, 1.51, 1.38, 1.4, 1.39, 0.66, 1.47, 1.31, 1.34, 1.43, 1.36, 0.66, 1.51, 1.43, 0.81, 1.41, 1.29, 1.43, 1.36, 1.42, 1.32, 1.44, 1.45, 1.37, 0.57, 1.49, 1.44, 0.57, 1.46]
