base_time: 0.81
mean: 1.8556666666666666
min: 0.4
max: 3.0
variance: 0.5796185057471265
median: 2.005
original_time: [2.87, 0.41, 0.46, 1.72, 2.5, 3.0, 1.32, 2.4, 1.96, 0.92, 0.4, 0.89, 1.4, 2.21, 2.87, 2.52, 2.15, 2.46, 1.79, 1.35, 1.37, 2.35, 2.37, 1.76, 2.8, 2.4, 1.77, 2.05, 0.95, 2.25]
