base_time: 3.26
mean: 3.5856666666666666
min: 1.67
max: 5.79
variance: 1.8184047126436782
median: 3.675
original_time: [2.56, 2.66, 5.42, 1.96, 1.87, 4.74, 3.99, 2.47, 2.48, 3.75, 3.64, 5.46, 3.97, 5.49, 3.87, 2.35, 1.93, 2.39, 2.54, 1.67, 4.92, 5.76, 3.72, 2.65, 5.79, 5.15, 3.71, 5.38, 2.24, 3.04]
