base_time: 33.23
mean: 3.1313333333333335
min: 1.61
max: 4.8
variance: 1.0789016091954025
median: 3.4050000000000002
original_time: [4.67, 3.37, 1.63, 3.45, 3.62, 3.5, 3.6, 1.74, 3.75, 2.11, 4.48, 4.6, 1.69, 1.95, 3.56, 3.72, 2.07, 3.23, 2.1, 3.7, 3.53, 3.3, 3.4, 1.61, 1.75, 4.8, 3.28, 3.41, 4.69, 1.63]
