base_time: 1.06
mean: 0.8844444444444445
min: 0.71
max: 1.13
variance: 0.018120261437908503
median: 0.875
original_time: [1.05, 0.74, 0.83, 0.84, 0.86, 0.88, 0.89, 0.9, 1.12, 0.72, 0.89, 1.13, 0.71, 0.87, 1.1, 0.74, 0.77, 0.88]
