base_time: 1.88
mean: 1.6843333333333332
min: 1.17
max: 3.61
variance: 0.35410816091954017
median: 1.455
original_time: [1.38, 2.76, 1.63, 1.17, 1.2, 1.31, 1.33, 1.44, 1.51, 1.17, 1.31, 2.71, 1.64, 1.47, 1.25, 2.55, 1.37, 1.78, 1.76, 1.42, 1.55, 3.61, 1.48, 1.33, 2.61, 1.52, 1.42, 1.2, 1.37, 2.28]
