base_time: 3.54
mean: 2.4916666666666667
min: 0.64
max: 3.88
variance: 0.8393316091954024
median: 2.535
original_time: [2.66, 3.74, 2.16, 2.03, 0.64, 3.0, 1.01, 3.88, 3.0, 3.35, 2.69, 3.75, 3.47, 3.16, 0.96, 2.29, 3.04, 2.52, 2.43, 1.96, 2.07, 2.55, 3.38, 2.26, 0.98, 2.32, 2.81, 3.54, 0.74, 2.36]
