base_time: 1.41
mean: 1.2546666666666666
min: 0.52
max: 1.52
variance: 0.09772919540229885
median: 1.355
original_time: [1.32, 1.4, 1.38, 1.29, 1.34, 1.3, 0.52, 1.31, 1.33, 1.44, 1.48, 1.52, 0.53, 1.43, 1.49, 0.61, 1.49, 1.34, 1.35, 1.44, 1.43, 0.66, 1.34, 1.37, 1.36, 1.36, 1.47, 1.35, 1.4, 0.59]
