base_time: 3.63
mean: 1.8766666666666667
min: 0.85
max: 3.8
variance: 1.3582095238095238
median: 0.97
original_time: [3.78, 0.94, 2.43, 2.29, 3.8, 0.94, 0.93, 0.85, 2.48, 0.97, 2.39, 0.89, 0.9, 3.66, 0.9]
