base_time: 18.6
mean: 7.492333333333334
min: 6.24
max: 10.83
variance: 1.476280574712644
median: 6.975
original_time: [8.28, 7.45, 6.53, 7.36, 10.47, 6.43, 6.76, 6.91, 6.24, 8.46, 6.78, 6.89, 6.8, 10.83, 8.19, 6.85, 6.51, 6.89, 8.33, 10.27, 6.75, 7.34, 7.04, 7.33, 7.59, 6.67, 6.55, 7.51, 8.46, 6.3]
