base_time: 3.7
mean: 1.3643333333333334
min: 0.58
max: 2.02
variance: 0.1636529885057471
median: 1.495
original_time: [1.07, 1.91, 1.73, 0.58, 1.42, 1.73, 1.31, 1.5, 0.98, 1.51, 1.37, 1.6, 0.8, 1.64, 1.78, 1.63, 1.49, 0.8, 1.02, 1.63, 1.72, 0.59, 1.32, 2.02, 1.7, 1.02, 1.28, 1.53, 0.61, 1.64]
