base_time: 17.85
mean: 3.66
min: 2.15
max: 5.09
variance: 0.527255172413793
median: 3.6100000000000003
original_time: [3.44, 3.45, 3.62, 3.7, 4.05, 2.68, 4.68, 3.83, 2.85, 5.04, 4.0, 2.96, 2.97, 5.09, 3.92, 3.6, 4.68, 3.47, 2.76, 2.97, 2.15, 4.18, 3.79, 4.24, 2.72, 3.37, 4.38, 3.52, 3.39, 4.3]
