base_time: 12.29
mean: 3.3986666666666667
min: 1.09
max: 5.85
variance: 1.689694712643678
median: 3.66
original_time: [1.09, 1.28, 1.46, 4.14, 3.03, 5.23, 1.28, 2.69, 3.86, 5.85, 3.96, 4.59, 4.31, 3.23, 1.38, 4.07, 4.97, 3.66, 3.54, 3.82, 2.65, 3.59, 4.09, 3.48, 3.87, 4.47, 2.76, 1.1, 3.66, 4.85]
