base_time: 1.27
mean: 1.0426666666666666
min: 0.35
max: 1.32
variance: 0.11706160919540229
median: 1.2
original_time: [1.2, 1.27, 1.2, 1.19, 0.41, 1.24, 1.23, 0.38, 1.18, 1.18, 1.25, 0.35, 1.24, 1.22, 0.42, 1.24, 1.27, 1.2, 1.18, 1.24, 1.32, 1.19, 1.29, 1.28, 0.46, 0.53, 1.2, 1.18, 1.22, 0.52]
