base_time: 12.59
mean: 2.6523333333333334
min: 2.38
max: 3.08
variance: 0.04594264367816092
median: 2.62
original_time: [2.44, 2.78, 2.4, 2.71, 2.44, 2.67, 3.06, 2.81, 3.08, 2.66, 2.73, 2.43, 3.07, 3.06, 2.54, 2.38, 2.48, 2.47, 2.53, 2.48, 2.4, 2.71, 2.57, 2.78, 2.86, 2.75, 2.69, 2.58, 2.53, 2.48]
