base_time: 1.08
mean: 2.0273333333333334
min: 0.96
max: 5.26
variance: 2.425949523809524
median: 1.38
original_time: [5.26, 1.38, 1.39, 4.82, 1.39, 1.06, 1.05, 4.74, 1.06, 1.08, 1.45, 1.11, 0.96, 1.12, 2.54]
