base_time: 0.31
mean: 1.7906666666666666
min: 0.28
max: 4.25
variance: 2.9156066666666667
median: 1.01
original_time: [0.31, 0.29, 3.95, 0.29, 1.01, 3.87, 0.31, 4.03, 0.31, 1.01, 0.28, 1.07, 4.17, 1.71, 4.25]
