base_time: 1.02
mean: 1.0126666666666666
min: 0.9
max: 1.15
variance: 0.007978095238095237
median: 0.97
original_time: [0.9, 1.12, 0.97, 0.93, 0.99, 1.14, 0.96, 0.97, 1.15, 1.09, 0.93, 0.93, 1.1, 1.08, 0.93]
