base_time: 1.22
mean: 2.1841379310344826
min: 0.42
max: 3.58
variance: 1.5964322660098522
median: 2.8
original_time: [3.36, 0.51, 2.91, 0.5, 2.93, 2.85, 0.53, 0.5, 1.04, 2.81, 3.31, 3.11, 3.34, 3.58, 3.29, 3.33, 0.99, 3.43, 2.8, 3.54, 0.88, 0.52, 3.54, 2.7, 0.42, 0.52, 0.57, 2.74, 2.79]
