base_time: 14.79
mean: 5.686333333333334
min: 3.62
max: 9.61
variance: 2.3801826436781606
median: 5.775
original_time: [4.73, 7.0, 7.06, 7.35, 5.77, 7.08, 6.02, 5.2, 4.88, 6.09, 7.23, 3.99, 7.08, 3.85, 6.12, 4.03, 6.96, 3.96, 3.65, 7.26, 9.61, 5.78, 4.81, 4.26, 5.0, 3.62, 7.89, 4.17, 6.3, 3.84]
