base_time: 14.97
mean: 6.650666666666667
min: 4.7
max: 9.91
variance: 1.6347098850574713
median: 7.045
original_time: [8.1, 6.94, 7.17, 6.24, 8.12, 6.05, 6.3, 7.24, 7.28, 4.75, 4.71, 7.7, 7.46, 5.72, 7.37, 6.4, 6.17, 9.91, 5.76, 7.48, 7.99, 7.45, 4.7, 7.46, 4.73, 7.15, 6.28, 4.75, 4.8, 7.34]
