base_time: 10.01
mean: 3.208666666666667
min: 0.76
max: 5.49
variance: 2.1879912643678163
median: 3.365
original_time: [3.71, 3.46, 3.45, 4.0, 5.19, 0.97, 3.26, 5.35, 3.49, 5.49, 5.07, 2.21, 3.33, 3.38, 3.89, 0.83, 1.63, 3.77, 1.43, 5.4, 3.25, 3.26, 0.76, 2.36, 5.49, 1.08, 3.35, 3.55, 0.84, 3.01]
