base_time: 11.72
mean: 15.885714285714286
min: 4.65
max: 69.22
variance: 187.38681798941798
median: 8.420000000000002
original_time: [4.7, 5.39, 69.22, 22.65, 23.48, 23.56, 7.66, 4.67, 5.27, 26.19, 4.82, 8.21, 26.16, 6.62, 22.03, 8.19, 7.89, 8.63, 4.94, 4.65, 25.18, 4.93, 22.39, 22.97, 21.62, 5.16, 23.52, 24.1]
