base_time: 0.8
mean: 0.9358333333333333
min: 0.73
max: 1.63
variance: 0.09882651515151514
median: 0.765
original_time: [0.81, 1.63, 0.74, 0.75, 0.75, 1.26, 0.73, 1.41, 0.78, 0.73, 0.73, 0.91]
