base_time: 10.28
mean: 7.597
min: 5.8
max: 10.69
variance: 1.7097803448275863
median: 7.880000000000001
original_time: [5.9, 8.22, 8.53, 6.13, 8.14, 10.05, 8.3, 6.04, 8.08, 7.11, 7.14, 5.8, 7.56, 7.97, 7.94, 8.72, 6.18, 9.67, 8.55, 5.86, 7.67, 7.82, 6.15, 5.81, 8.29, 5.97, 10.69, 7.58, 8.09, 7.95]
