base_time: 5.26
mean: 3.721
min: 3.0
max: 5.23
variance: 0.3172851724137931
median: 3.5949999999999998
original_time: [3.96, 3.8, 3.0, 3.97, 4.89, 3.23, 3.7, 3.58, 3.17, 3.58, 3.92, 3.18, 4.1, 3.21, 3.07, 3.78, 3.39, 3.53, 4.5, 3.26, 4.35, 4.56, 5.23, 3.28, 3.17, 4.05, 4.0, 3.36, 3.61, 3.2]
