base_time: 1.37
mean: 3.8353333333333333
min: 0.97
max: 14.77
variance: 23.140226666666667
median: 1.02
original_time: [0.97, 0.98, 14.14, 14.77, 1.01, 1.02, 0.98, 1.0, 6.64, 1.03, 0.97, 5.58, 0.97, 6.43, 1.04]
