base_time: 0.37
mean: 0.5216666666666667
min: 0.27
max: 1.18
variance: 0.10290882352941176
median: 0.325
original_time: [0.54, 0.3, 0.55, 0.32, 0.32, 0.31, 0.72, 0.33, 0.27, 1.1, 0.27, 1.16, 0.28, 0.27, 0.64, 0.28, 1.18, 0.55]
