base_time: 9.3
mean: 10.014666666666667
min: 5.98
max: 33.65
variance: 68.56159816091954
median: 6.67
original_time: [8.33, 6.83, 33.65, 6.05, 6.77, 8.58, 6.4, 6.16, 6.29, 6.55, 8.6, 6.69, 5.98, 6.97, 6.86, 6.35, 27.39, 6.33, 7.62, 32.84, 6.25, 7.76, 6.65, 28.22, 6.52, 6.12, 8.32, 6.25, 6.58, 6.53]
