base_time: 7.92
mean: 3.9033333333333333
min: 3.14
max: 6.4
variance: 0.38318160919540234
median: 3.715
original_time: [6.4, 4.32, 3.68, 3.58, 3.61, 3.94, 3.14, 3.89, 3.31, 3.75, 3.67, 4.05, 4.2, 3.3, 3.96, 3.64, 3.5, 4.25, 3.56, 4.83, 3.49, 4.19, 4.12, 4.02, 3.58, 3.53, 3.41, 4.33, 4.5, 3.35]
