base_time: 25.47
mean: 2.6606666666666667
min: 2.41
max: 3.14
variance: 0.04044091954022988
median: 2.575
original_time: [2.53, 3.13, 2.41, 2.76, 2.71, 2.45, 2.75, 2.73, 2.79, 2.66, 2.81, 2.53, 2.71, 3.03, 2.62, 2.51, 2.49, 2.52, 2.57, 2.58, 2.55, 3.14, 2.44, 2.93, 2.51, 2.88, 2.53, 2.54, 2.45, 2.56]
