base_time: 14.07
mean: 8.445714285714285
min: 6.24
max: 10.9
variance: 2.959773544973545
median: 8.55
original_time: [10.02, 10.9, 9.82, 10.19, 6.77, 10.16, 6.44, 7.02, 10.06, 9.85, 7.46, 7.32, 7.52, 6.41, 10.39, 7.42, 9.58, 9.63, 10.68, 6.24, 6.45, 6.64, 6.52, 6.7, 9.72, 9.82, 10.37, 6.38]
