base_time: 0.28
mean: 0.9166666666666666
min: 0.26
max: 2.32
variance: 0.5387666666666666
median: 0.95
original_time: [2.28, 0.33, 1.35, 1.02, 1.02, 0.28, 0.29, 0.31, 2.32, 0.95, 0.26, 0.28, 1.78, 1.0, 0.28]
