base_time: 1.81
mean: 1.4713793103448276
min: 0.83
max: 1.83
variance: 0.11956231527093596
median: 1.63
original_time: [1.61, 1.76, 1.68, 1.7, 0.91, 1.01, 1.81, 0.95, 1.63, 0.88, 1.72, 1.81, 1.69, 0.9, 0.95, 1.63, 0.83, 1.72, 1.83, 1.04, 1.66, 1.57, 1.68, 1.59, 1.6, 1.68, 1.64, 1.56, 1.63]
