base_time: 60.96
mean: 2.3886206896551725
min: 0.65
max: 3.93
variance: 1.14084802955665
median: 2.07
original_time: [2.57, 2.08, 1.96, 2.03, 1.61, 3.55, 3.65, 3.88, 1.93, 1.6, 2.62, 1.64, 1.61, 0.67, 3.34, 3.5, 2.07, 0.98, 1.62, 3.89, 3.93, 3.32, 2.01, 1.68, 2.69, 3.75, 0.65, 3.76, 0.68]
