base_time: 1.43
mean: 1.6826666666666665
min: 1.35
max: 3.11
variance: 0.3513923809523809
median: 1.43
original_time: [1.42, 1.42, 1.44, 1.63, 1.37, 1.35, 1.43, 1.46, 3.11, 1.42, 1.35, 3.07, 1.98, 1.36, 1.43]
