base_time: 11.76
mean: 7.846666666666667
min: 5.74
max: 10.94
variance: 2.3719057471264366
median: 7.465
original_time: [5.9, 8.08, 7.49, 7.41, 7.08, 9.96, 7.9, 10.09, 10.94, 7.44, 7.96, 6.92, 6.96, 7.57, 8.64, 6.9, 7.31, 5.75, 6.99, 7.1, 7.07, 10.85, 5.78, 6.92, 8.19, 10.94, 7.52, 5.74, 7.6, 10.4]
