base_time: 3.82
mean: 3.711904761904762
min: 2.92
max: 6.78
variance: 1.6652261904761907
median: 3.09
original_time: [3.08, 3.86, 2.97, 3.15, 2.92, 3.29, 3.06, 6.78, 3.61, 3.03, 3.08, 3.02, 3.08, 3.05, 3.15, 6.69, 3.33, 6.71, 3.06, 3.09, 3.94]
