base_time: 4.53
mean: 3.2223333333333333
min: 1.91
max: 4.59
variance: 0.8122185057471264
median: 2.99
original_time: [3.93, 2.5, 2.34, 1.96, 3.84, 4.08, 2.85, 2.18, 3.89, 3.94, 4.45, 2.97, 3.01, 2.19, 2.93, 2.87, 2.79, 1.91, 3.92, 4.59, 2.16, 4.59, 3.02, 4.03, 2.22, 4.56, 2.93, 4.31, 1.94, 3.77]
