base_time: 14.2
mean: 2.685
min: 2.1
max: 3.56
variance: 0.14788103448275858
median: 2.5549999999999997
original_time: [2.6, 2.48, 3.28, 2.63, 2.66, 2.61, 2.62, 2.31, 2.6, 2.54, 2.4, 2.39, 2.75, 2.55, 2.42, 2.37, 2.51, 2.47, 3.28, 3.56, 2.54, 2.56, 3.36, 2.83, 2.41, 3.34, 3.5, 2.1, 2.47, 2.41]
