base_time: 0.39
mean: 0.8166666666666667
min: 0.27
max: 1.87
variance: 0.33225238095238097
median: 0.97
original_time: [0.28, 0.33, 0.28, 1.87, 0.28, 1.0, 0.98, 0.29, 1.81, 1.0, 0.27, 1.21, 0.97, 0.29, 1.39]
