base_time: 43.77
mean: 4.5023333333333335
min: 2.86
max: 7.53
variance: 1.391087471264368
median: 4.325
original_time: [2.86, 5.69, 5.5, 4.06, 5.88, 4.0, 3.67, 4.55, 4.44, 7.53, 6.29, 4.91, 4.29, 3.62, 3.24, 3.64, 7.16, 3.56, 3.65, 4.72, 5.37, 4.79, 4.36, 4.92, 5.32, 3.29, 3.22, 3.63, 3.53, 3.38]
