base_time: 3.99
mean: 2.3173333333333335
min: 1.85
max: 2.58
variance: 0.02032367816091953
median: 2.32
original_time: [2.32, 2.37, 2.43, 1.85, 2.34, 2.51, 2.41, 2.3, 2.19, 2.44, 2.12, 2.27, 2.31, 2.32, 2.27, 2.57, 2.24, 2.26, 2.24, 2.24, 2.44, 2.29, 2.14, 2.38, 2.43, 2.32, 2.58, 2.32, 2.4, 2.22]
