base_time: 12.1
mean: 6.937666666666667
min: 5.43
max: 8.52
variance: 0.8156116091954023
median: 6.825
original_time: [7.21, 8.52, 7.56, 7.75, 8.35, 6.4, 7.19, 6.54, 6.64, 7.92, 6.34, 6.63, 6.72, 6.82, 6.83, 7.3, 7.83, 5.43, 8.39, 7.79, 5.82, 6.7, 5.77, 5.45, 6.17, 7.21, 5.61, 8.13, 7.22, 5.89]
