base_time: 10.04
mean: 4.3213333333333335
min: 3.62
max: 5.59
variance: 0.34006712643678166
median: 4.095000000000001
original_time: [3.67, 4.06, 4.27, 5.15, 5.28, 4.71, 4.78, 3.77, 4.58, 3.73, 5.28, 4.7, 4.08, 3.93, 3.94, 3.86, 4.02, 3.87, 4.71, 3.62, 4.11, 3.75, 3.74, 5.01, 3.84, 4.41, 3.81, 5.21, 4.16, 5.59]
