base_time: 1.37
mean: 1.9406666666666668
min: 0.38
max: 4.24
variance: 2.05404091954023
median: 1.165
original_time: [3.11, 0.79, 1.1, 3.61, 3.87, 0.78, 3.68, 4.09, 0.38, 4.24, 3.09, 3.19, 0.46, 0.46, 3.91, 0.43, 2.9, 1.2, 2.96, 3.11, 0.42, 0.4, 2.86, 0.64, 1.13, 2.84, 0.44, 0.82, 0.39, 0.92]
