base_time: 8.35
mean: 5.4158620689655175
min: 3.84
max: 8.4
variance: 0.8836251231527095
median: 5.2
original_time: [4.55, 4.9, 6.12, 5.2, 5.7, 5.49, 4.81, 5.77, 6.13, 4.75, 6.16, 5.91, 4.51, 6.82, 4.97, 4.39, 4.67, 4.86, 6.31, 5.92, 8.4, 3.84, 5.16, 5.04, 4.89, 3.95, 5.92, 5.85, 6.07]
