base_time: 1.03
mean: 6.493333333333333
min: 0.97
max: 32.31
variance: 110.72419523809525
median: 1.06
original_time: [1.06, 32.31, 5.5, 1.02, 1.04, 6.94, 5.33, 0.97, 6.91, 1.05, 1.03, 31.22, 1.06, 0.98, 0.98]
