base_time: 0.84
mean: 1.2386666666666666
min: 0.74
max: 2.58
variance: 0.43306952380952385
median: 1.02
original_time: [0.75, 1.02, 2.58, 0.94, 1.01, 0.77, 0.77, 2.31, 1.04, 0.88, 1.08, 0.74, 2.56, 1.05, 1.08]
