base_time: 64.17
mean: 6.540689655172414
min: 4.61
max: 9.62
variance: 2.601720935960591
median: 6.51
original_time: [7.63, 4.73, 9.32, 6.74, 6.71, 8.9, 5.76, 7.31, 8.57, 5.59, 6.51, 6.93, 5.94, 9.62, 4.72, 4.65, 9.21, 5.7, 7.35, 4.95, 4.95, 7.4, 4.69, 4.77, 4.87, 7.26, 4.61, 8.43, 5.86]
