base_time: 1.24
mean: 2.2743333333333333
min: 0.41
max: 4.74
variance: 2.7153426436781607
median: 2.325
original_time: [0.93, 4.74, 3.53, 0.47, 0.85, 3.62, 1.13, 4.39, 0.87, 0.48, 4.06, 3.5, 4.31, 3.43, 3.67, 0.49, 3.49, 0.48, 3.45, 4.22, 0.51, 0.5, 3.69, 1.11, 4.25, 0.5, 0.41, 1.22, 3.48, 0.45]
