base_time: 6.03
mean: 9.555333333333333
min: 4.92
max: 32.16
variance: 82.03946952380952
median: 6.05
original_time: [7.0, 5.83, 6.0, 5.83, 5.83, 31.48, 6.05, 6.94, 5.97, 6.32, 32.16, 5.7, 7.1, 6.2, 4.92]
