base_time: 5.43
mean: 4.987
min: 3.15
max: 7.22
variance: 1.8792906896551724
median: 5.324999999999999
original_time: [6.43, 3.54, 6.82, 5.86, 3.54, 3.86, 5.34, 6.5, 6.79, 4.08, 3.54, 3.46, 3.48, 6.22, 3.58, 5.83, 7.22, 3.39, 5.55, 6.99, 3.47, 3.45, 5.31, 5.48, 3.15, 5.24, 5.77, 5.52, 6.55, 3.65]
