base_time: 0.94
mean: 1.0893333333333333
min: 0.67
max: 1.86
variance: 0.17527809523809526
median: 1.05
original_time: [0.72, 1.05, 0.72, 1.05, 0.74, 0.67, 1.03, 1.08, 1.84, 1.83, 1.07, 0.91, 1.86, 1.05, 0.72]
