base_time: 129.69
mean: 5.030666666666667
min: 3.48
max: 7.39
variance: 1.4299650574712643
median: 4.68
original_time: [4.27, 4.2, 4.78, 7.39, 3.96, 4.74, 5.52, 4.62, 4.0, 5.49, 4.96, 4.21, 4.41, 5.06, 7.02, 4.14, 3.48, 3.89, 7.21, 4.79, 4.62, 3.92, 7.19, 4.52, 7.29, 6.88, 5.22, 4.33, 3.64, 5.17]
