base_time: 12.7
mean: 2.597
min: 0.78
max: 7.0
variance: 1.8829734482758622
median: 2.4000000000000004
original_time: [2.32, 4.32, 3.51, 0.99, 4.16, 2.34, 4.37, 1.03, 2.47, 2.39, 2.24, 3.6, 3.94, 0.78, 1.26, 2.5, 2.18, 3.95, 1.21, 1.48, 1.43, 2.41, 0.96, 1.75, 1.65, 2.54, 3.89, 7.0, 2.7, 2.54]
