base_time: 4.48
mean: 4.585333333333334
min: 3.47
max: 7.16
variance: 0.7926878160919539
median: 4.29
original_time: [4.41, 3.64, 3.47, 5.5, 3.8, 4.87, 5.3, 3.68, 4.72, 3.92, 3.8, 5.61, 3.81, 7.16, 5.36, 5.21, 4.24, 6.56, 4.78, 3.79, 4.24, 3.95, 3.93, 4.3, 5.51, 4.03, 4.15, 4.34, 5.2, 4.28]
