base_time: 3.97
mean: 4.207619047619048
min: 3.37
max: 7.05
variance: 1.5346890476190476
median: 3.68
original_time: [3.6, 7.05, 3.4, 3.71, 3.55, 7.04, 3.37, 3.83, 3.45, 3.59, 3.46, 3.68, 4.64, 3.53, 3.55, 7.02, 4.51, 3.81, 3.69, 4.49, 3.39]
