base_time: 5.66
mean: 4.5263333333333335
min: 2.85
max: 7.96
variance: 1.8706033333333334
median: 3.92
original_time: [3.27, 4.46, 3.86, 7.96, 3.75, 3.89, 7.03, 4.28, 3.79, 3.9, 3.8, 4.12, 6.33, 6.21, 3.52, 2.94, 4.14, 2.85, 3.94, 3.66, 3.54, 5.4, 3.76, 2.93, 4.74, 6.26, 4.19, 3.9, 6.84, 6.53]
