base_time: 3.18
mean: 1.805
min: 0.64
max: 2.34
variance: 0.25094310344827586
median: 1.9849999999999999
original_time: [1.78, 1.99, 1.89, 1.19, 1.8, 1.73, 2.12, 0.75, 2.15, 1.92, 2.11, 1.86, 2.27, 1.04, 2.34, 2.24, 2.18, 0.9, 2.04, 1.86, 2.03, 2.03, 1.81, 2.12, 2.04, 2.26, 0.64, 0.79, 2.29, 1.98]
