mean: 5.723793103448276
min: 4.82
max: 7.76
variance: 0.578831527093596
median: 5.53
original_time: [4.83, 5.45, 7.67, 5.53, 5.81, 6.58, 5.29, 4.88, 5.36, 6.03, 6.18, 7.76, 5.08, 5.34, 5.64, 6.01, 5.02, 5.36, 6.24, 6.13, 6.54, 4.96, 5.09, 4.9, 6.05, 6.15, 4.82, 5.9, 5.39]
