base_time: 4.81
mean: 1.4333333333333333
min: 0.51
max: 2.79
variance: 0.3223126436781609
median: 1.4
original_time: [1.81, 0.57, 1.96, 0.7, 1.88, 1.87, 1.32, 1.53, 1.73, 0.62, 1.37, 1.39, 1.73, 1.69, 1.45, 1.85, 0.51, 2.68, 1.91, 1.36, 1.41, 1.26, 0.8, 0.57, 1.38, 0.79, 1.55, 1.29, 1.23, 2.79]
