base_time: 0.46
mean: 2.223333333333333
min: 0.33
max: 6.65
variance: 5.25372380952381
median: 0.45
original_time: [0.33, 4.07, 0.39, 3.96, 0.4, 6.65, 0.43, 3.86, 0.4, 6.06, 0.34, 3.94, 0.38, 1.69, 0.45]
