base_time: 13.56
mean: 18.978666666666665
min: 6.39
max: 25.83
variance: 78.74829471264367
median: 24.935000000000002
original_time: [25.33, 24.91, 25.83, 6.52, 6.83, 25.12, 25.32, 24.82, 6.53, 6.39, 25.63, 24.88, 24.96, 25.03, 6.57, 6.59, 25.1, 24.83, 25.58, 25.45, 6.66, 6.61, 7.0, 24.82, 6.75, 24.96, 25.14, 25.24, 24.98, 24.98]
