base_time: 1.49
mean: 1.1946666666666668
min: 0.79
max: 1.91
variance: 0.09137747126436781
median: 1.06
original_time: [1.31, 1.05, 1.26, 1.06, 0.9, 1.81, 0.99, 1.72, 1.03, 0.99, 1.04, 1.06, 1.79, 1.0, 1.2, 1.03, 1.01, 1.11, 1.91, 1.74, 1.03, 1.19, 1.02, 0.98, 1.14, 1.07, 1.51, 1.08, 0.79, 1.02]
