base_time: 7.77
mean: 11.045666666666666
min: 5.87
max: 22.33
variance: 27.28809436781609
median: 10.84
original_time: [6.39, 14.23, 12.69, 10.79, 18.39, 14.26, 6.76, 14.23, 5.93, 6.02, 6.01, 10.89, 22.33, 14.35, 6.17, 10.97, 6.47, 6.67, 5.87, 7.66, 14.43, 22.18, 11.67, 6.68, 21.15, 7.22, 11.08, 6.66, 6.35, 16.87]
