base_time: 9.4
mean: 6.681333333333334
min: 5.14
max: 8.96
variance: 1.020115402298851
median: 6.735
original_time: [7.0, 7.15, 6.83, 6.9, 5.14, 6.92, 6.67, 6.8, 8.82, 5.9, 6.78, 6.85, 6.36, 8.64, 5.36, 6.08, 6.13, 6.95, 7.2, 6.84, 6.17, 5.74, 8.96, 5.22, 5.18, 6.43, 8.46, 6.69, 6.49, 5.78]
