base_time: 4.52
mean: 5.156
min: 3.42
max: 9.72
variance: 3.146473103448276
median: 4.515000000000001
original_time: [4.04, 6.6, 4.58, 3.72, 4.54, 3.42, 3.48, 9.72, 3.42, 3.79, 6.59, 7.25, 3.53, 5.18, 3.56, 6.39, 8.27, 3.42, 7.22, 6.4, 4.13, 4.49, 7.31, 4.49, 4.42, 3.48, 8.14, 3.46, 4.8, 4.84]
