base_time: 6.67
mean: 21.512666666666668
min: 6.12
max: 60.77
variance: 474.92329238095243
median: 8.06
original_time: [6.52, 6.12, 8.99, 8.06, 8.15, 6.49, 6.38, 45.02, 6.55, 6.44, 45.17, 60.39, 40.99, 60.77, 6.65]
